|  order| source|    col| centroid|      wave_exp|      wave_fit|       res|   peak|            disp |
|       |       | pixels|   pixels|     Angstroms|     Angstroms| Angstroms| counts| Angstroms/pixel |
      50     sky     259   259.123   1.524079e+04   1.524047e+04      0.319    2153        2.163e-01  
      50     sky     479   479.798   1.528775e+04   1.528809e+04      0.346     944        2.163e-01  
      50     sky     686   686.205   1.533270e+04   1.533290e+04      0.199    1593        2.163e-01  
      50     sky     973   973.024   1.539526e+04   1.539503e+04      0.226     745        2.163e-01  
      49     sky      33    33.013   1.550057e+04   1.549977e+04      0.799     179        2.186e-01  
      49     sky      75    75.233   1.550956e+04   1.550896e+04      0.595     380        2.186e-01  
      49     sky     113   113.293   1.551771e+04   1.551728e+04      0.426     115        2.186e-01  
      49     sky     216   216.292   1.553971e+04   1.553982e+04      0.109     464        2.186e-01  
      49     sky     222   222.100   1.554094e+04   1.554113e+04      0.188     459        2.186e-01  
      49     sky     246   246.202   1.554589e+04   1.554639e+04      0.495     436        2.186e-01  
      49     sky     357   357.558   1.557007e+04   1.557068e+04      0.607     288        2.186e-01  
      49     sky     483   483.508   1.559744e+04   1.559825e+04      0.812     923        2.186e-01  
      49     sky     637   637.273   1.563097e+04   1.563195e+04      0.980     580        2.186e-01  
      49     sky     742   742.410   1.565483e+04   1.565493e+04      0.097    1232        2.186e-01  
      49     sky     747   746.422   1.565618e+04   1.565602e+04      0.154     188        2.186e-01  
      49     sky     755   754.988   1.565775e+04   1.565778e+04      0.026     177        2.186e-01  
      49     sky     953   953.775   1.570245e+04   1.570111e+04      1.341     453        2.186e-01  
      48     sky      91    91.433   1.583326e+04   1.583305e+04      0.211    2962        2.239e-01  
      48     sky     158   158.470   1.584803e+04   1.584807e+04      0.041     563        2.239e-01  
      48     sky     252   252.646   1.586924e+04   1.586913e+04      0.101     193        2.239e-01  
      48     sky     717   717.473   1.597245e+04   1.597334e+04      0.889     681        2.239e-01  
      48     sky     970   970.597   1.603066e+04   1.603004e+04      0.618    2035        2.239e-01  
      47     sky     214   214.757   1.619454e+04   1.619388e+04      0.664     683        2.306e-01  
      47     sky     393   393.471   1.623490e+04   1.623520e+04      0.297     831        2.306e-01  
      47     sky     397   396.887   1.623585e+04   1.623612e+04      0.265     819        2.306e-01  
      47     sky     547   547.421   1.627063e+04   1.627074e+04      0.114      38        2.306e-01  
      47     sky     686   686.012   1.630258e+04   1.630282e+04      0.241      58        2.306e-01  
      47     sky     749   749.397   1.631695e+04   1.631737e+04      0.417     343        2.306e-01  
      47     sky     854   854.160   1.634147e+04   1.634160e+04      0.131     147        2.306e-01  
      47     sky     897   897.423   1.635195e+04   1.635153e+04      0.428     429        2.306e-01  
      47     sky     933   933.161   1.636021e+04   1.635984e+04      0.373     115        2.306e-01  
      46     sky      31    31.519   1.650224e+04   1.650170e+04      0.545     803        2.341e-01  
      46     sky     258   258.062   1.655372e+04   1.655489e+04      1.167     303        2.341e-01  
      46     sky     499   499.468   1.661205e+04   1.661136e+04      0.692      64        2.341e-01  
      46     sky     831   831.643   1.668918e+04   1.668916e+04      0.023     150        2.341e-01  
      46     sky     845   845.796   1.669237e+04   1.669244e+04      0.067    1955        2.341e-01  
      46     sky     915   914.766   1.670881e+04   1.670884e+04      0.025     420        2.341e-01  
      45     sky     192   192.152   1.690350e+04   1.690307e+04      0.429    1211        2.410e-01  
      45     sky     409   409.809   1.695501e+04   1.695542e+04      0.407     549        2.410e-01  
      45     sky     633   633.016   1.700909e+04   1.700945e+04      0.367     912        2.410e-01  
      45     sky     917   917.099   1.707831e+04   1.707796e+04      0.345     469        2.410e-01  
      44     sky      33    33.361   1.724793e+04   1.724697e+04      0.953     262        2.436e-01  
      44     sky      39    39.206   1.724932e+04   1.724844e+04      0.884     246        2.436e-01  
      44     sky     181   181.124   1.728258e+04   1.728306e+04      0.475      91        2.436e-01  
      44     sky     265   265.832   1.730319e+04   1.730354e+04      0.353      51        2.436e-01  
      44     sky     380   380.181   1.733062e+04   1.733158e+04      0.960     194        2.436e-01  
      44     sky     462   462.536   1.735153e+04   1.735158e+04      0.050      67        2.436e-01  
      44     sky     498   498.175   1.735959e+04   1.736035e+04      0.767     116        2.436e-01  
      44     sky     592   592.303   1.738291e+04   1.738327e+04      0.367     110        2.436e-01  
      44     sky     599   599.496   1.738471e+04   1.738498e+04      0.275     117        2.436e-01  
      44     sky     607   607.584   1.738650e+04   1.738693e+04      0.427     368        2.436e-01  
      44     sky     769   769.515   1.742704e+04   1.742643e+04      0.612     193        2.436e-01  
      44     sky     860   860.773   1.744985e+04   1.744862e+04      1.226     455        2.436e-01  
      43     sky      58    58.723   1.765321e+04   1.765276e+04      0.448     809        2.499e-01  
      43     sky     134   134.585   1.767177e+04   1.767177e+04      0.001     180        2.499e-01  
      43     sky     241   241.170   1.769835e+04   1.769853e+04      0.181      47        2.499e-01  
      43     sky     696   696.098   1.781131e+04   1.781233e+04      1.024     126        2.499e-01  
      43     sky     964   964.331   1.788012e+04   1.787936e+04      0.758     620        2.499e-01  